---
startPose:
  x: -66.1
  y: 63.34
  heading: 1.5707963267948966
startTangent: -1.5707963267948966
waypoints:
- position:
    x: -66.1
    y: 18.0
  heading: 0.0
  tangent: -1.5707963267948966
  interpolationType: "TANGENT"
resolution: 0.25
version: 1
