---
startPose:
  x: -84.0
  y: -63.34
  heading: 3.141592653589793
startTangent: 3.141592653589793
waypoints:
- position:
    x: -102.0
    y: -58.0
  heading: 0.0
  tangent: 3.141592653589793
  interpolationType: "CONSTANT"
resolution: 0.25
version: 1
