---
startPose:
  x: -102.0
  y: -58.0
  heading: 3.141592653589793
startTangent: 0.0
waypoints:
- position:
    x: -62.0
    y: -37.0
  heading: -1.5707963267948966
  tangent: 1.5707963267948966
  interpolationType: "SPLINE"
- position:
    x: -74.0
    y: -15.0
  heading: 0.0
  tangent: 1.5707963267948966
  interpolationType: "CONSTANT"
resolution: 0.25
version: 1
